,date,close,open,high,low
0,2013/01/04,10688.11,10604.5,10734.23,10602.24
1,2013/01/07,10599.01,10743.69,10743.69,10589.7
2,2013/01/08,10508.06,10544.21,10602.12,10463.43
3,2013/01/09,10578.57,10405.67,10620.7,10398.61
4,2013/01/10,10652.64,10635.11,10686.12,10619.65
5,2013/01/11,10801.57,10786.14,10830.43,10748.06
6,2013/01/15,10879.08,10914.65,10952.31,10851.66
7,2013/01/16,10600.44,10806.41,10806.41,10591.3
8,2013/01/17,10609.64,10660.94,10694.85,10432.97
9,2013/01/18,10913.3,10791.97,10913.3,10787.12
10,2013/01/21,10747.74,10941.45,10941.45,10747.74
11,2013/01/22,10709.93,10765.1,10859.42,10615.2
12,2013/01/23,10486.99,10575.6,10663.09,10486.99
13,2013/01/24,10620.87,10441.11,10634.74,10441.11
14,2013/01/25,10926.65,10797.3,10926.65,10790.95
15,2013/01/28,10824.31,11002.86,11002.86,10824.31
16,2013/01/29,10866.72,10751.01,10937.63,10751.01
17,2013/01/30,11113.95,10913.97,11113.95,10905.64
18,2013/01/31,11138.66,11057.5,11145.38,11007.77
19,2013/02/01,11191.34,11193.72,11237.84,11142.26
20,2013/02/04,11260.35,11254.16,11285.49,11194.74
21,2013/02/05,11046.92,11105.24,11170.85,11046.92
22,2013/02/06,11463.75,11236.7,11498.42,11232.05
23,2013/02/07,11357.07,11406.32,11446.81,11295.62
24,2013/02/08,11153.16,11179.97,11299.71,11135.89
25,2013/02/12,11369.12,11346.72,11460.64,11343.44
26,2013/02/13,11251.41,11333.72,11365.27,11196.66
27,2013/02/14,11307.28,11273.4,11356.54,11243.49
28,2013/02/15,11173.83,11239.21,11261.58,11065.06
29,2013/02/18,11407.87,11318.22,11445.46,11308.83
30,2013/02/19,11372.34,11336.45,11412.86,11336.45
31,2013/02/20,11468.28,11485.65,11510.52,11440.1
32,2013/02/21,11309.13,11404.73,11442.11,11301.77
33,2013/02/22,11385.94,11238.75,11390.65,11175.67
34,2013/02/25,11662.52,11564.55,11662.52,11562.1
35,2013/02/26,11398.81,11449.66,11520.24,11374.83
36,2013/02/27,11253.97,11418.56,11419.62,11253.97
37,2013/02/28,11559.36,11396.73,11563.75,11392.56
38,2013/03/01,11606.38,11464.71,11648.63,11464.71
39,2013/03/04,11652.29,11695.45,11767.68,11613.59
40,2013/03/05,11683.45,11732.57,11779.42,11666.38
41,2013/03/06,11932.27,11811.06,11933.82,11803.09
42,2013/03/07,11968.08,12037.25,12069.6,11946.01
43,2013/03/08,12283.62,12066.5,12283.62,12065.09
44,2013/03/11,12349.05,12363.09,12403.95,12300.83
45,2013/03/12,12314.81,12433.6,12461.97,12314.81
46,2013/03/13,12239.66,12252.29,12339.45,12234.48
47,2013/03/14,12381.19,12332.16,12395.73,12248.65
48,2013/03/15,12560.95,12437.68,12560.95,12434.47
49,2013/03/18,12220.63,12365.44,12373.17,12220.63
50,2013/03/19,12468.23,12405.61,12491.16,12401.12
51,2013/03/21,12635.69,12592.0,12650.26,12586.06
52,2013/03/22,12338.53,12498.51,12522.05,12338.53
53,2013/03/25,12546.46,12507.61,12594.36,12480.42
54,2013/03/26,12471.62,12461.79,12540.12,12456.04
55,2013/03/27,12493.79,12476.58,12502.26,12442.39
56,2013/03/28,12335.96,12457.13,12462.86,12286.37
57,2013/03/29,12397.91,12405.53,12425.96,12319.75
58,2013/04/01,12135.02,12371.34,12384.83,12133.0
59,2013/04/02,12003.43,12051.57,12107.4,11805.78
60,2013/04/03,12362.2,12112.09,12362.2,12102.05
61,2013/04/04,12634.54,12188.22,12634.54,12075.97
62,2013/04/05,12833.64,12880.82,13225.62,12831.1
63,2013/04/08,13192.59,13082.61,13225.22,13080.29
64,2013/04/09,13192.35,13309.13,13331.39,13151.73
65,2013/04/10,13288.13,13177.31,13325.15,13177.31
66,2013/04/11,13549.16,13444.95,13549.16,13384.11
67,2013/04/12,13485.14,13568.25,13568.25,13402.86
68,2013/04/15,13275.66,13345.86,13408.29,13257.86
69,2013/04/16,13221.44,13023.91,13312.23,13004.46
70,2013/04/17,13382.89,13330.5,13397.5,13318.69
71,2013/04/18,13220.07,13272.22,13377.74,13200.85
72,2013/04/19,13316.48,13268.43,13338.75,13186.89
73,2013/04/22,13568.37,13537.17,13611.58,13529.44
74,2013/04/23,13529.65,13545.6,13585.35,13505.53
75,2013/04/24,13843.46,13687.28,13843.46,13686.78
76,2013/04/25,13926.08,13887.53,13974.26,13827.96
77,2013/04/26,13884.13,13978.98,13983.87,13852.2
78,2013/04/30,13860.86,13854.82,13897.06,13778.75
79,2013/05/01,13799.35,13837.72,13844.82,13782.0
80,2013/05/02,13694.04,13727.25,13780.48,13637.96
81,2013/05/07,14180.24,13960.04,14196.38,13951.81
82,2013/05/08,14285.69,14196.2,14421.38,14186.83
83,2013/05/09,14191.48,14366.95,14409.82,14191.48
84,2013/05/10,14607.54,14449.24,14636.81,14426.74
85,2013/05/13,14782.21,14759.5,14849.01,14727.7
86,2013/05/14,14758.42,14822.56,14839.79,14755.08
87,2013/05/15,15096.03,14962.34,15108.83,14956.38
88,2013/05/16,15037.24,15146.05,15155.72,14879.51
89,2013/05/17,15138.12,14926.42,15157.32,14902.3
90,2013/05/20,15360.81,15260.61,15381.74,15245.8
91,2013/05/21,15381.02,15264.79,15388.37,15264.42
92,2013/05/22,15627.26,15440.69,15706.63,15432.64
93,2013/05/23,14483.98,15739.98,15942.6,14483.98
94,2013/05/24,14612.45,14731.75,15007.5,13981.52
95,2013/05/27,14142.65,14373.82,14381.28,14027.42
96,2013/05/28,14311.98,13943.62,14399.78,13943.62
97,2013/05/29,14326.46,14492.55,14512.28,14243.49
98,2013/05/30,13589.03,14072.9,14098.16,13555.66
99,2013/05/31,13774.54,13804.23,13916.56,13681.39
100,2013/06/03,13261.82,13551.36,13562.87,13261.82
101,2013/06/04,13533.76,13186.6,13610.25,13060.94
102,2013/06/05,13014.87,13566.75,13711.42,13011.16
103,2013/06/06,12904.02,12925.29,13238.53,12862.02
104,2013/06/07,12877.53,12706.41,13106.2,12548.2
105,2013/06/10,13514.2,13141.85,13514.2,13141.37
106,2013/06/11,13317.62,13504.77,13584.31,13296.31
107,2013/06/12,13289.32,13087.66,13332.72,12994.08
108,2013/06/13,12445.38,13038.02,13050.11,12415.85
109,2013/06/14,12686.52,12668.9,12900.65,12629.31
110,2013/06/17,13033.12,12584.37,13033.12,12549.82
111,2013/06/18,13007.28,13015.15,13139.48,12919.03
112,2013/06/19,13245.22,13233.08,13296.62,13107.65
113,2013/06/20,13014.58,13101.85,13190.82,12966.41
114,2013/06/21,13230.13,12787.87,13330.35,12702.67
115,2013/06/24,13062.78,13417.54,13426.13,13026.23
116,2013/06/25,12969.34,13081.62,13234.89,12758.22
117,2013/06/26,12834.01,13152.75,13189.84,12826.51
118,2013/06/27,13213.55,12968.72,13213.55,12873.5
119,2013/06/28,13677.32,13383.92,13724.44,13354.7
120,2013/07/01,13852.5,13746.72,13862.71,13562.7
121,2013/07/02,14098.74,13969.15,14098.74,13898.54
122,2013/07/03,14055.56,14149.99,14164.77,13984.08
123,2013/07/04,14018.93,13970.27,14093.02,13962.3
124,2013/07/05,14309.97,14150.85,14309.97,14149.5
125,2013/07/08,14109.34,14491.07,14497.65,14109.34
126,2013/07/09,14472.9,14295.44,14472.9,14186.03
127,2013/07/10,14416.6,14464.82,14555.33,14287.69
128,2013/07/11,14472.58,14275.26,14496.67,14275.26
129,2013/07/12,14506.25,14475.17,14574.17,14417.3
130,2013/07/16,14599.12,14594.88,14638.8,14550.89
131,2013/07/17,14615.04,14491.8,14615.04,14460.56
132,2013/07/18,14808.5,14645.25,14827.73,14645.25
133,2013/07/19,14589.91,14909.76,14953.29,14413.28
134,2013/07/22,14658.04,14770.02,14770.02,14514.29
135,2013/07/23,14778.51,14555.36,14820.18,14549.06
136,2013/07/24,14731.28,14719.64,14751.87,14630.68
137,2013/07/25,14562.93,14747.21,14748.77,14533.21
138,2013/07/26,14129.98,14339.39,14376.01,14114.52
139,2013/07/29,13661.13,13899.27,13953.85,13661.13
140,2013/07/30,13869.82,13634.2,13909.45,13613.78
141,2013/07/31,13668.32,13733.55,13836.03,13644.21
142,2013/08/01,14005.77,13674.5,14005.77,13645.61
143,2013/08/02,14466.16,14178.66,14466.16,14146.92
144,2013/08/05,14258.04,14318.21,14370.98,14225.5
145,2013/08/06,14401.06,14237.1,14401.06,14031.61
146,2013/08/07,13824.94,14155.95,14164.7,13824.94
147,2013/08/08,13605.56,13779.47,14031.14,13556.65
148,2013/08/09,13615.19,13673.49,13754.96,13527.81
149,2013/08/12,13519.43,13469.7,13658.86,13430.64
150,2013/08/13,13867.0,13696.36,13867.0,13689.49
151,2013/08/14,14050.16,13936.74,14050.16,13747.18
152,2013/08/15,13752.94,13845.64,13981.16,13711.12
153,2013/08/16,13650.11,13532.61,13739.52,13532.61
154,2013/08/19,13758.13,13669.74,13758.13,13589.78
155,2013/08/20,13396.38,13632.96,13730.09,13383.18
156,2013/08/21,13424.33,13431.28,13499.99,13250.36
157,2013/08/22,13365.17,13314.05,13447.33,13238.73
158,2013/08/23,13660.55,13583.76,13774.66,13575.4
159,2013/08/26,13636.28,13719.56,13741.49,13586.84
160,2013/08/27,13542.37,13551.75,13678.79,13517.1
161,2013/08/28,13338.46,13285.03,13392.57,13188.14
162,2013/08/29,13459.71,13382.95,13463.14,13364.82
163,2013/08/30,13388.86,13573.24,13615.98,13335.91
164,2013/09/02,13572.92,13438.07,13613.48,13407.53
165,2013/09/03,13978.44,13748.68,13978.44,13748.68
166,2013/09/04,14053.87,13875.17,14056.88,13843.61
167,2013/09/05,14064.82,14140.2,14156.5,13981.52
168,2013/09/06,13860.81,14088.41,14099.13,13834.52
169,2013/09/09,14205.23,14141.67,14251.46,14117.68
170,2013/09/10,14423.36,14318.72,14441.81,14296.78
171,2013/09/11,14425.07,14511.74,14561.46,14422.72
172,2013/09/12,14387.27,14397.9,14455.37,14321.57
173,2013/09/13,14404.67,14316.7,14439.93,14233.12
174,2013/09/17,14311.67,14456.99,14474.53,14311.67
175,2013/09/18,14505.36,14411.55,14625.97,14396.41
176,2013/09/19,14766.18,14680.4,14766.18,14581.79
177,2013/09/20,14742.42,14801.64,14816.65,14702.25
178,2013/09/24,14732.61,14626.04,14767.72,14607.27
179,2013/09/25,14620.53,14713.03,14737.98,14620.53
180,2013/09/26,14799.12,14553.06,14799.12,14410.52
181,2013/09/27,14760.07,14803.99,14817.5,14699.21
182,2013/09/30,14455.8,14530.62,14619.24,14425.82
183,2013/10/01,14484.72,14517.98,14642.97,14471.7
184,2013/10/02,14170.49,14492.47,14569.2,14114.54
185,2013/10/03,14157.25,14140.11,14219.89,14082.31
186,2013/10/04,14024.31,14029.73,14149.77,13944.27
187,2013/10/07,13853.32,14057.79,14073.23,13841.93
188,2013/10/08,13894.61,13794.74,13929.64,13748.94
189,2013/10/09,14037.84,13789.89,14037.84,13751.85
190,2013/10/10,14194.71,14097.62,14200.31,14077.03
191,2013/10/11,14404.74,14376.89,14447.87,14320.3
192,2013/10/15,14441.54,14510.27,14510.37,14415.76
193,2013/10/16,14467.14,14433.64,14493.67,14417.61
194,2013/10/17,14586.51,14640.08,14664.22,14492.67
195,2013/10/18,14561.54,14589.6,14610.09,14503.09
196,2013/10/21,14693.57,14624.03,14727.85,14624.03
197,2013/10/22,14713.25,14677.08,14747.77,14641.78
198,2013/10/23,14426.05,14784.41,14799.28,14426.05
199,2013/10/24,14486.41,14344.74,14499.52,14273.71
200,2013/10/25,14088.19,14439.14,14442.12,14088.19
201,2013/10/28,14396.04,14261.65,14400.32,14194.42
202,2013/10/29,14325.98,14288.72,14395.96,14224.59
203,2013/10/30,14502.35,14464.67,14526.88,14425.58
204,2013/10/31,14327.94,14474.01,14516.08,14324.17
205,2013/11/01,14201.57,14403.07,14411.05,14126.41
206,2013/11/05,14225.37,14319.75,14323.24,14141.82
207,2013/11/06,14337.31,14155.34,14407.69,14130.86
208,2013/11/07,14228.44,14355.56,14371.56,14222.03
209,2013/11/08,14086.8,14026.17,14122.28,14026.17
210,2013/11/11,14269.84,14271.48,14304.29,14208.13
211,2013/11/12,14588.68,14289.87,14588.68,14278.21
212,2013/11/13,14567.16,14527.97,14599.53,14490.92
213,2013/11/14,14876.41,14665.75,14966.43,14665.75
214,2013/11/15,15165.92,15034.33,15203.11,14994.7
215,2013/11/18,15164.3,15253.24,15273.61,15106.82
216,2013/11/19,15126.56,15096.63,15163.06,15020.33
217,2013/11/20,15076.08,15176.35,15209.67,15069.98
218,2013/11/21,15365.6,15176.65,15377.0,15168.47
219,2013/11/22,15381.72,15513.45,15579.39,15307.44
220,2013/11/25,15619.13,15504.78,15619.13,15469.87
221,2013/11/26,15515.24,15501.95,15577.97,15460.97
222,2013/11/27,15449.63,15414.52,15512.76,15414.52
223,2013/11/28,15727.12,15622.19,15729.09,15605.73
224,2013/11/29,15661.87,15661.43,15727.96,15507.17
225,2013/12/02,15655.07,15659.74,15703.02,15579.54
226,2013/12/03,15749.66,15747.54,15794.15,15661.9
227,2013/12/04,15407.94,15520.2,15579.36,15326.06
228,2013/12/05,15177.49,15354.53,15430.2,15139.12
229,2013/12/06,15299.86,15112.54,15327.37,15112.54
230,2013/12/09,15650.21,15556.6,15650.21,15547.29
231,2013/12/10,15611.31,15633.97,15633.97,15562.06
232,2013/12/11,15515.06,15509.93,15562.3,15386.11
233,2013/12/12,15341.82,15377.32,15392.66,15255.36
234,2013/12/13,15403.11,15316.89,15532.94,15251.45
235,2013/12/16,15152.91,15408.35,15408.35,15146.13
236,2013/12/17,15278.63,15290.22,15322.13,15248.42
237,2013/12/18,15587.8,15273.24,15588.42,15268.18
238,2013/12/19,15859.22,15809.43,15891.82,15798.85
239,2013/12/20,15870.42,15790.69,15870.42,15755.36
240,2013/12/24,15889.33,15955.9,16029.65,15849.0
241,2013/12/25,16009.99,15861.13,16010.54,15853.51
242,2013/12/26,16174.44,16087.07,16186.04,16082.28
243,2013/12/27,16178.94,16229.43,16232.69,16056.73
244,2013/12/30,16291.31,16269.22,16320.22,16182.71
245,2014/01/06,15908.88,16147.54,16164.01,15864.44
246,2014/01/07,15814.37,15835.41,15935.37,15784.25
247,2014/01/08,16121.45,15943.68,16121.45,15906.57
248,2014/01/09,15880.33,16002.88,16004.56,15838.44
249,2014/01/10,15912.06,15785.15,15922.14,15754.7
250,2014/01/14,15422.4,15657.2,15661.71,15383.69
251,2014/01/15,15808.73,15649.07,15808.73,15636.57
252,2014/01/16,15747.2,15845.15,15941.08,15710.14
253,2014/01/17,15734.46,15695.46,15783.37,15621.8
254,2014/01/20,15641.68,15724.14,15727.26,15574.23
255,2014/01/21,15795.96,15710.89,15894.68,15705.84
256,2014/01/22,15820.96,15749.01,15870.53,15631.41
257,2014/01/23,15695.89,15900.63,15958.58,15690.45
258,2014/01/24,15391.56,15473.57,15485.02,15288.32
259,2014/01/27,15005.73,15091.45,15109.68,14933.55
260,2014/01/28,14980.16,15038.64,15088.12,14952.83
261,2014/01/29,15383.91,15164.34,15383.91,15159.92
262,2014/01/30,15007.06,15112.7,15112.7,14853.83
263,2014/01/31,14914.53,15132.23,15143.88,14764.57
264,2014/02/03,14619.13,14788.56,14846.93,14615.05
265,2014/02/04,14008.47,14353.33,14355.92,14008.47
266,2014/02/05,14180.38,14213.1,14245.06,13995.86
267,2014/02/06,14155.12,14233.42,14308.07,14155.12
268,2014/02/07,14462.41,14387.11,14471.95,14356.59
269,2014/02/10,14718.34,14647.83,14725.92,14568.3
270,2014/02/12,14800.06,14821.73,14874.79,14769.04
271,2014/02/13,14534.74,14785.84,14787.62,14488.32
272,2014/02/14,14313.03,14538.2,14678.71,14243.17
273,2014/02/17,14393.11,14343.73,14427.95,14214.6
274,2014/02/18,14843.24,14514.47,14900.24,14469.49
275,2014/02/19,14766.53,14729.48,14805.66,14679.19
276,2014/02/20,14449.18,14701.14,14731.48,14428.73
277,2014/02/21,14865.67,14618.61,14888.81,14618.61
278,2014/02/24,14837.68,14803.64,14982.53,14658.14
279,2014/02/25,15051.6,15002.51,15094.54,14957.49
280,2014/02/26,14970.97,14896.49,15084.53,14896.49
281,2014/02/27,14923.11,14939.87,15015.01,14844.37
282,2014/02/28,14841.07,14929.55,14943.65,14735.52
283,2014/03/03,14652.23,14666.93,14684.7,14443.1
284,2014/03/04,14721.48,14553.95,14750.09,14546.34
285,2014/03/05,14897.63,14905.95,14992.19,14897.63
286,2014/03/06,15134.75,14933.76,15203.12,14871.56
287,2014/03/07,15274.07,15280.76,15312.6,15145.59
288,2014/03/10,15120.14,15197.53,15266.12,15088.11
289,2014/03/11,15224.11,15179.47,15256.03,15124.36
290,2014/03/12,14830.39,15003.8,15020.14,14828.18
291,2014/03/13,14815.98,14847.72,14919.84,14790.48
292,2014/03/14,14327.66,14526.28,14539.6,14280.75
293,2014/03/17,14277.67,14254.32,14359.16,14203.21
294,2014/03/18,14411.27,14491.41,14533.25,14399.72
295,2014/03/19,14462.52,14495.73,14663.54,14302.37
296,2014/03/20,14224.23,14548.76,14548.76,14207.83
297,2014/03/24,14475.3,14297.58,14514.28,14287.28
298,2014/03/25,14423.19,14401.69,14531.79,14312.08
299,2014/03/26,14477.16,14521.0,14569.9,14401.42
300,2014/03/27,14622.89,14305.67,14659.85,14227.81
301,2014/03/28,14696.03,14576.25,14713.45,14520.57
302,2014/03/31,14827.83,14839.54,14843.67,14718.01
303,2014/04/01,14791.99,14870.51,14870.51,14751.29
304,2014/04/02,14946.32,14897.88,15069.61,14893.17
305,2014/04/03,15071.88,15009.18,15164.39,14976.36
306,2014/04/04,15063.77,15005.54,15098.38,15000.69
307,2014/04/07,14808.85,14880.82,14895.58,14764.37
308,2014/04/08,14606.88,14715.8,14740.1,14605.31
309,2014/04/09,14299.69,14436.05,14502.02,14279.34
310,2014/04/10,14300.12,14484.54,14513.14,14234.45
311,2014/04/11,13960.05,14027.8,14065.97,13885.11
312,2014/04/14,13910.16,13887.23,14008.29,13885.22
313,2014/04/15,13996.81,14068.75,14096.86,13969.17
314,2014/04/16,14417.68,14126.87,14420.3,14125.59
315,2014/04/17,14417.53,14395.95,14500.66,14351.85
316,2014/04/18,14516.27,14489.37,14536.67,14442.74
317,2014/04/21,14512.38,14549.45,14649.5,14503.17
318,2014/04/22,14388.77,14586.29,14604.3,14388.77
319,2014/04/23,14546.27,14480.41,14546.27,14459.29
320,2014/04/24,14404.99,14563.25,14563.25,14367.13
321,2014/04/25,14429.26,14369.72,14554.32,14327.6
322,2014/04/28,14288.23,14289.82,14324.03,14224.47
323,2014/04/30,14304.11,14393.51,14421.22,14275.69
324,2014/05/01,14485.13,14341.09,14493.03,14341.09
325,2014/05/02,14457.51,14454.44,14473.75,14405.77
326,2014/05/07,14033.45,14296.25,14299.13,14033.45
327,2014/05/08,14163.78,14136.41,14254.44,14108.16
328,2014/05/09,14199.59,14101.98,14266.29,14091.2
329,2014/05/12,14149.52,14173.49,14234.49,14130.3
330,2014/05/13,14425.44,14367.94,14464.01,14359.74
331,2014/05/14,14405.76,14385.6,14419.65,14349.87
332,2014/05/15,14298.21,14280.51,14306.36,14190.27
333,2014/05/16,14096.59,14087.76,14108.44,14016.49
334,2014/05/19,14006.44,14130.09,14150.5,13991.8
335,2014/05/20,14075.25,14088.45,14144.04,14038.06
336,2014/05/21,14042.17,13969.71,14054.24,13964.43
337,2014/05/22,14337.79,14188.28,14369.02,14147.55
338,2014/05/23,14462.17,14411.1,14528.04,14404.8
339,2014/05/26,14602.52,14592.6,14602.52,14531.32
340,2014/05/27,14636.52,14589.79,14744.16,14588.68
341,2014/05/28,14670.95,14646.93,14717.29,14608.54
342,2014/05/29,14681.72,14585.64,14714.95,14574.02
343,2014/05/30,14632.38,14707.66,14741.1,14591.62
344,2014/06/02,14935.92,14777.51,14963.91,14777.51
345,2014/06/03,15034.25,15089.04,15091.49,15026.01
346,2014/06/04,15067.96,15067.41,15071.78,14985.21
347,2014/06/05,15079.37,15112.59,15141.14,15016.81
348,2014/06/06,15077.24,15138.75,15144.34,15042.59
349,2014/06/09,15124.0,15204.31,15206.57,15116.03
350,2014/06/10,14994.8,15130.74,15184.77,14966.8
351,2014/06/11,15069.48,15000.13,15075.72,14998.63
352,2014/06/12,14973.53,14942.15,14992.96,14862.08
353,2014/06/13,15097.84,14830.99,15121.64,14830.99
354,2014/06/16,14933.29,15049.61,15056.75,14867.15
355,2014/06/17,14975.97,14962.99,15026.96,14948.54
356,2014/06/18,15115.8,15009.89,15139.99,14995.45
357,2014/06/19,15361.16,15140.35,15375.38,15138.28
358,2014/06/20,15349.42,15359.6,15422.06,15305.43
359,2014/06/23,15369.28,15419.47,15442.67,15335.88
360,2014/06/24,15376.24,15300.5,15424.57,15252.27
361,2014/06/25,15266.61,15297.24,15347.88,15265.71
362,2014/06/26,15308.49,15320.13,15345.12,15278.22
363,2014/06/27,15095.0,15290.75,15293.82,15027.31
364,2014/06/30,15162.1,15159.45,15177.87,15052.34
365,2014/07/01,15326.2,15179.64,15389.08,15145.87
366,2014/07/02,15369.97,15406.23,15444.63,15354.91
367,2014/07/03,15348.29,15435.34,15435.34,15324.32
368,2014/07/04,15437.13,15490.37,15490.37,15420.07
369,2014/07/07,15379.44,15433.49,15477.77,15379.44
370,2014/07/08,15314.41,15304.27,15389.89,15225.11
371,2014/07/09,15302.65,15194.32,15302.65,15185.32
372,2014/07/10,15216.47,15318.3,15326.78,15215.43
373,2014/07/11,15164.04,15102.59,15204.01,15101.49
374,2014/07/14,15296.82,15199.18,15324.95,15179.49
375,2014/07/15,15395.16,15354.43,15441.54,15346.09
376,2014/07/16,15379.3,15369.66,15423.96,15355.0
377,2014/07/17,15370.26,15422.87,15465.74,15347.85
378,2014/07/18,15215.71,15174.08,15220.5,15110.45
379,2014/07/22,15343.28,15296.42,15392.02,15287.93
380,2014/07/23,15328.56,15367.16,15376.2,15317.37
381,2014/07/24,15284.42,15350.28,15383.11,15232.14
382,2014/07/25,15457.87,15342.46,15457.87,15341.69
383,2014/07/28,15529.4,15426.98,15556.62,15426.98
384,2014/07/29,15618.07,15564.79,15632.7,15556.02
385,2014/07/30,15646.23,15616.89,15666.62,15594.89
386,2014/07/31,15620.77,15732.78,15759.66,15618.85
387,2014/08/01,15523.11,15511.54,15602.13,15501.15
388,2014/08/04,15474.5,15474.65,15535.62,15440.21
389,2014/08/05,15320.31,15506.87,15507.32,15313.84
390,2014/08/06,15159.79,15260.0,15271.14,15121.43
391,2014/08/07,15232.37,15138.72,15243.06,15061.99
392,2014/08/08,14778.37,15063.73,15074.32,14753.84
393,2014/08/11,15130.52,15022.64,15161.54,14973.71
394,2014/08/12,15161.31,15164.73,15235.98,15125.93
395,2014/08/13,15213.63,15111.76,15235.9,15108.53
396,2014/08/14,15314.57,15284.38,15338.85,15272.9
397,2014/08/15,15318.34,15317.15,15328.34,15276.99
398,2014/08/18,15322.6,15318.5,15365.35,15303.39
399,2014/08/19,15449.79,15451.94,15476.05,15429.11
400,2014/08/20,15454.45,15485.93,15492.88,15433.72
401,2014/08/21,15586.2,15530.98,15601.99,15525.78
402,2014/08/22,15539.19,15618.05,15628.78,15524.43
403,2014/08/25,15613.25,15609.43,15628.61,15553.51
404,2014/08/26,15521.22,15609.64,15613.34,15519.42
405,2014/08/27,15534.82,15556.56,15588.22,15465.99
406,2014/08/28,15459.86,15482.27,15487.99,15423.9
407,2014/08/29,15424.59,15423.88,15447.81,15356.0
408,2014/09/01,15476.6,15454.59,15478.77,15440.99
409,2014/09/02,15668.6,15526.94,15737.36,15516.5
410,2014/09/03,15728.35,15797.79,15829.38,15723.54
411,2014/09/04,15676.18,15701.61,15732.76,15663.59
412,2014/09/05,15668.68,15792.64,15792.64,15641.37
413,2014/09/08,15705.11,15718.13,15730.33,15656.4
414,2014/09/09,15749.15,15795.82,15795.82,15736.13
415,2014/09/10,15788.78,15688.55,15795.6,15664.79
416,2014/09/11,15909.2,15880.91,15925.51,15854.3
417,2014/09/12,15948.29,15885.04,15984.9,15885.04
418,2014/09/16,15911.53,15896.06,15938.31,15871.12
419,2014/09/17,15888.67,15948.15,15969.41,15888.67
420,2014/09/18,16067.57,16036.47,16106.11,16003.46
421,2014/09/19,16321.17,16177.94,16364.08,16170.86
422,2014/09/22,16205.9,16281.36,16299.13,16170.11
423,2014/09/24,16167.45,16105.56,16203.94,16094.59
424,2014/09/25,16374.14,16327.19,16374.14,16303.91
425,2014/09/26,16229.86,16087.95,16251.67,16087.95
426,2014/09/29,16310.64,16339.03,16344.32,16262.0
427,2014/09/30,16173.52,16252.72,16252.72,16058.72
428,2014/10/01,16082.25,16173.39,16225.96,16081.01
429,2014/10/02,15661.99,15895.2,15922.51,15646.4
430,2014/10/03,15708.65,15616.48,15708.65,15559.07
431,2014/10/06,15890.95,15882.28,15970.65,15808.22
432,2014/10/07,15783.83,15841.17,15913.52,15755.57
433,2014/10/08,15595.98,15574.6,15643.63,15520.81
434,2014/10/09,15478.93,15681.53,15732.32,15461.09
435,2014/10/10,15300.55,15292.88,15345.78,15221.83
436,2014/10/14,14936.51,15036.87,15089.9,14919.71
437,2014/10/15,15073.52,15009.75,15084.61,14916.65
438,2014/10/16,14738.38,14805.16,14807.08,14672.55
439,2014/10/17,14532.51,14796.32,14830.67,14529.03
440,2014/10/20,15111.23,14822.84,15111.23,14819.69
441,2014/10/21,14804.28,15115.29,15115.29,14761.84
442,2014/10/22,15195.77,15038.19,15195.78,15001.43
443,2014/10/23,15138.96,15093.78,15232.51,15059.64
444,2014/10/24,15291.64,15354.35,15377.05,15232.0
445,2014/10/27,15388.72,15404.28,15424.05,15333.71
446,2014/10/28,15329.91,15363.28,15374.46,15263.36
447,2014/10/29,15553.91,15442.39,15595.29,15394.79
448,2014/10/30,15658.2,15596.5,15701.04,15584.83
449,2014/10/31,16413.76,15817.14,16533.91,15817.14
450,2014/11/04,16862.47,16732.85,17127.66,16720.99
451,2014/11/05,16937.32,16785.44,16995.02,16778.28
452,2014/11/06,16792.48,16993.46,17045.94,16725.45
453,2014/11/07,16880.38,16934.04,16938.2,16824.08
454,2014/11/10,16780.53,16758.27,16818.05,16713.37
455,2014/11/11,17124.11,16869.49,17160.12,16855.3
456,2014/11/12,17197.05,17253.12,17443.74,17170.0
457,2014/11/13,17392.79,17192.0,17400.77,17099.95
458,2014/11/14,17490.83,17520.54,17520.54,17300.19
459,2014/11/17,16973.8,17381.38,17409.32,16907.43
460,2014/11/18,17344.06,17188.84,17356.76,17186.5
461,2014/11/19,17288.75,17384.31,17472.57,17280.76
462,2014/11/20,17300.86,17407.69,17407.69,17270.7
463,2014/11/21,17357.51,17285.72,17381.59,17108.2
464,2014/11/25,17407.62,17490.39,17490.39,17372.71
465,2014/11/26,17383.58,17347.97,17432.57,17335.99
466,2014/11/27,17248.5,17310.49,17346.85,17212.48
467,2014/11/28,17459.85,17340.16,17471.9,17330.84
468,2014/12/01,17590.1,17475.1,17649.02,17474.27
469,2014/12/02,17663.22,17481.06,17687.7,17476.42
470,2014/12/03,17720.43,17772.15,17881.76,17696.36
471,2014/12/04,17887.21,17881.91,17912.59,17813.01
472,2014/12/05,17920.45,17821.85,17922.29,17759.36
473,2014/12/08,17935.64,18004.66,18030.83,17869.74
474,2014/12/09,17813.38,17820.24,17892.16,17773.3
475,2014/12/10,17412.58,17623.35,17658.14,17308.82
476,2014/12/11,17257.4,17180.49,17289.73,17043.63
477,2014/12/12,17371.58,17317.69,17526.19,17298.19
478,2014/12/15,17099.4,17111.49,17258.32,17037.21
479,2014/12/16,16755.32,16862.42,16895.39,16714.83
480,2014/12/17,16819.73,16689.34,16891.02,16672.94
481,2014/12/18,17210.05,17142.95,17274.23,17136.41
482,2014/12/19,17621.4,17511.01,17621.4,17471.6
483,2014/12/22,17635.14,17685.53,17692.58,17572.62
484,2014/12/24,17854.23,17842.04,17875.41,17800.42
485,2014/12/25,17808.75,17804.84,17832.47,17773.59
486,2014/12/26,17818.96,17778.91,17843.73,17769.01
487,2014/12/29,17729.84,17914.55,17914.55,17525.66
488,2014/12/30,17450.77,17702.12,17713.76,17450.77
489,2015/01/05,17408.71,17325.68,17540.92,17219.22
490,2015/01/06,16883.19,17101.58,17111.36,16881.73
491,2015/01/07,16885.33,16808.26,16974.61,16808.26
492,2015/01/08,17167.1,17067.4,17243.71,17016.09
493,2015/01/09,17197.73,17318.74,17342.65,17129.53
494,2015/01/13,17087.71,16970.88,17087.71,16828.27
495,2015/01/14,16795.96,16961.82,17036.72,16770.56
496,2015/01/15,17108.7,16872.95,17141.98,16856.22
497,2015/01/16,16864.16,16812.96,16864.34,16592.57
498,2015/01/19,17014.29,17000.78,17039.8,16911.58
499,2015/01/20,17366.3,17071.65,17366.3,17066.77
500,2015/01/21,17280.48,17308.72,17329.03,17181.55
501,2015/01/22,17329.02,17306.64,17355.74,17229.21
502,2015/01/23,17511.75,17520.63,17532.06,17460.76
503,2015/01/26,17468.52,17285.71,17471.94,17285.71
504,2015/01/27,17768.3,17649.4,17768.41,17633.47
505,2015/01/28,17795.73,17615.93,17850.59,17615.93
506,2015/01/29,17606.22,17666.91,17778.83,17575.1
507,2015/01/30,17674.39,17788.74,17808.47,17661.1
508,2015/02/02,17558.04,17536.61,17628.4,17459.45
509,2015/02/03,17335.85,17654.6,17654.6,17271.87
510,2015/02/04,17678.74,17549.3,17743.11,17535.04
511,2015/02/05,17504.62,17589.21,17619.34,17484.67
512,2015/02/06,17648.5,17696.18,17700.67,17603.07
513,2015/02/09,17711.93,17790.31,17799.49,17653.61
514,2015/02/10,17652.68,17662.67,17673.27,17550.03
515,2015/02/12,17979.72,17899.4,18005.45,17884.34
516,2015/02/13,17913.36,17892.1,17962.11,17864.55
517,2015/02/16,18004.77,18024.01,18074.26,17978.9
518,2015/02/17,17987.09,17949.7,18009.45,17901.26
519,2015/02/18,18199.17,18103.98,18202.61,18092.32
520,2015/02/19,18264.79,18237.35,18322.5,18237.35
521,2015/02/20,18332.3,18336.5,18360.92,18297.67
522,2015/02/23,18466.92,18499.58,18509.08,18402.02
523,2015/02/24,18603.48,18468.39,18603.48,18427.98
524,2015/02/25,18585.2,18636.34,18648.77,18552.81
525,2015/02/26,18785.79,18587.87,18790.83,18587.13
526,2015/02/27,18797.94,18844.28,18865.39,18714.64
527,2015/03/02,18826.88,18869.4,18939.17,18775.23
528,2015/03/03,18815.16,18910.52,18910.52,18730.57
529,2015/03/04,18703.6,18716.78,18732.66,18586.84
530,2015/03/05,18751.84,18658.16,18767.5,18655.36
531,2015/03/06,18971.0,18814.85,18979.64,18808.3
532,2015/03/09,18790.55,18872.96,18878.15,18733.87
533,2015/03/10,18665.11,18891.01,18924.38,18577.06
534,2015/03/11,18723.52,18604.87,18836.93,18583.52
535,2015/03/12,18991.11,18787.1,19008.13,18774.42
536,2015/03/13,19254.25,19119.58,19335.8,19042.25
537,2015/03/16,19246.06,19245.38,19349.2,19226.71
538,2015/03/17,19437.0,19425.89,19479.89,19373.39
539,2015/03/18,19544.48,19407.76,19555.72,19389.24
540,2015/03/19,19476.56,19514.64,19557.17,19312.7
541,2015/03/20,19560.22,19479.71,19565.44,19416.63
542,2015/03/23,19754.36,19607.98,19778.6,19584.73
543,2015/03/24,19713.45,19718.99,19770.64,19646.35
544,2015/03/25,19746.2,19745.75,19775.45,19542.22
545,2015/03/26,19471.12,19605.6,19623.11,19397.01
546,2015/03/27,19285.63,19374.72,19590.03,19099.87
547,2015/03/30,19411.4,19295.21,19474.07,19227.29
548,2015/03/31,19206.99,19592.43,19607.25,19206.99
549,2015/04/01,19034.84,19129.75,19195.23,18927.95
550,2015/04/02,19312.79,19141.93,19433.89,19115.14
551,2015/04/03,19435.08,19289.04,19435.08,19289.04
552,2015/04/06,19397.98,19295.03,19424.09,19241.29
553,2015/04/07,19640.54,19539.03,19667.48,19501.31
554,2015/04/08,19789.81,19729.7,19845.53,19693.63
555,2015/04/09,19937.72,19851.12,19957.32,19822.49
556,2015/04/10,19907.63,19989.55,20006.0,19845.31
557,2015/04/13,19905.46,19967.38,19975.66,19825.69
558,2015/04/14,19908.68,19828.65,19922.5,19828.65
559,2015/04/15,19869.76,19838.53,19913.42,19823.86
560,2015/04/16,19885.77,19862.48,19894.35,19742.12
561,2015/04/17,19652.88,19810.4,19815.25,19638.37
562,2015/04/20,19634.49,19501.0,19725.86,19474.23
563,2015/04/21,19909.09,19731.57,19909.09,19678.22
564,2015/04/22,20133.9,19999.84,20144.66,19983.0
565,2015/04/23,20187.65,20227.28,20252.12,20116.19
566,2015/04/24,20020.04,20142.47,20142.47,20013.74
567,2015/04/27,19983.32,20063.8,20069.24,19909.86
568,2015/04/28,20058.95,20068.65,20133.78,20031.71
569,2015/04/30,19520.01,19847.5,19852.66,19502.61
570,2015/05/01,19531.63,19510.85,19549.39,19399.16
571,2015/05/07,19291.99,19356.46,19461.08,19257.85
572,2015/05/08,19379.19,19315.63,19458.75,19302.71
573,2015/05/11,19620.91,19637.58,19679.63,19586.81
574,2015/05/12,19624.84,19608.23,19626.75,19467.65
575,2015/05/13,19764.72,19568.76,19791.88,19494.7
576,2015/05/14,19570.24,19661.52,19717.8,19546.82
577,2015/05/15,19732.92,19693.17,19750.76,19633.75
578,2015/05/18,19890.27,19766.16,19890.27,19741.22
579,2015/05/19,20026.38,19977.14,20087.7,19946.75
580,2015/05/20,20196.56,20175.59,20278.89,20148.51
581,2015/05/21,20202.87,20215.46,20320.9,20175.78
582,2015/05/22,20264.41,20208.85,20278.31,20130.84
583,2015/05/25,20413.77,20331.92,20417.77,20318.54
584,2015/05/26,20437.48,20431.27,20473.85,20378.77
585,2015/05/27,20472.58,20380.64,20513.22,20363.21
586,2015/05/28,20551.46,20590.28,20655.33,20473.27
587,2015/05/29,20563.15,20510.27,20636.41,20508.4
588,2015/06/01,20569.87,20444.54,20595.41,20410.27
589,2015/06/02,20543.19,20604.67,20619.61,20470.26
590,2015/06/03,20473.51,20443.15,20506.35,20397.73
591,2015/06/04,20488.19,20539.94,20552.46,20438.21
592,2015/06/05,20460.9,20398.76,20480.25,20363.18
593,2015/06/08,20457.19,20537.85,20544.94,20359.06
594,2015/06/09,20096.3,20293.05,20332.42,20095.48
595,2015/06/10,20046.36,20126.36,20264.92,20016.32
596,2015/06/11,20382.97,20183.61,20382.97,20178.04
597,2015/06/12,20407.08,20431.78,20437.26,20331.19
598,2015/06/15,20387.79,20205.1,20401.48,20205.1
599,2015/06/16,20257.94,20332.83,20368.21,20234.16
600,2015/06/17,20219.27,20306.1,20323.08,20126.57
601,2015/06/18,19990.82,20193.59,20200.51,19990.55
602,2015/06/19,20174.24,20152.41,20194.45,20075.91
603,2015/06/22,20428.19,20174.14,20433.3,20174.14
604,2015/06/23,20809.42,20547.74,20809.42,20531.13
605,2015/06/24,20868.03,20889.32,20952.71,20838.22
606,2015/06/25,20771.4,20777.69,20866.58,20758.6
607,2015/06/26,20706.15,20758.43,20785.76,20650.0
608,2015/06/29,20109.95,20305.97,20361.6,20093.16
609,2015/06/30,20235.73,20174.61,20243.18,20118.26
610,2015/07/01,20329.32,20291.05,20346.74,20225.27
611,2015/07/02,20522.5,20565.94,20601.73,20479.85
612,2015/07/03,20539.79,20476.69,20557.51,20431.25
613,2015/07/06,20112.12,20200.15,20310.72,20012.23
614,2015/07/07,20376.59,20354.23,20428.0,20337.18
615,2015/07/08,19737.64,20282.49,20310.89,19737.64
616,2015/07/09,19855.5,19422.78,19855.5,19115.2
617,2015/07/10,19779.83,19829.93,19978.24,19720.15
618,2015/07/13,20089.77,19929.92,20120.15,19911.39
619,2015/07/14,20385.33,20355.33,20435.53,20322.2
620,2015/07/15,20463.33,20478.85,20496.6,20401.09
621,2015/07/16,20600.12,20588.98,20612.5,20522.25
622,2015/07/17,20650.92,20646.63,20658.95,20611.22
623,2015/07/21,20841.97,20763.31,20850.0,20710.34
624,2015/07/22,20593.67,20657.8,20677.84,20576.19
625,2015/07/23,20683.95,20693.57,20708.23,20648.76
626,2015/07/24,20544.53,20603.63,20631.54,20527.78
627,2015/07/27,20350.1,20374.05,20486.93,20278.73
628,2015/07/28,20328.89,20188.57,20423.58,20070.62
629,2015/07/29,20302.91,20425.69,20425.69,20205.21
630,2015/07/30,20522.83,20450.61,20583.57,20443.89
631,2015/07/31,20585.24,20506.55,20585.24,20466.8
632,2015/08/03,20548.11,20540.21,20562.2,20396.5
633,2015/08/04,20520.36,20462.18,20552.04,20448.49
634,2015/08/05,20614.06,20490.15,20715.48,20469.87
635,2015/08/06,20664.44,20768.77,20817.48,20664.44
636,2015/08/07,20724.56,20601.57,20754.0,20567.51
637,2015/08/10,20808.69,20618.31,20820.86,20617.05
638,2015/08/11,20720.75,20920.6,20946.93,20582.01
639,2015/08/12,20392.77,20632.68,20703.2,20303.02
640,2015/08/13,20595.55,20392.54,20633.91,20306.98
641,2015/08/14,20519.45,20518.36,20605.46,20484.67
642,2015/08/17,20620.26,20600.16,20668.87,20541.0
643,2015/08/18,20554.47,20640.59,20663.18,20545.25
644,2015/08/19,20222.63,20467.49,20521.97,20218.03
645,2015/08/20,20033.52,20194.26,20246.47,20033.29
646,2015/08/21,19435.83,19711.34,19737.54,19435.83
647,2015/08/24,18540.68,19075.05,19154.65,18498.8
648,2015/08/25,17806.7,18171.66,18835.35,17747.5
649,2015/08/26,18376.83,17894.29,18442.84,17714.3
650,2015/08/27,18574.44,18680.47,18810.05,18486.46
651,2015/08/28,19136.32,18908.73,19192.82,18901.09
652,2015/08/31,18890.48,19006.98,19019.61,18749.77
653,2015/09/01,18165.69,18763.72,18777.47,18165.69
654,2015/09/02,18095.4,17861.81,18467.44,17857.3
655,2015/09/03,18182.39,18359.53,18481.57,18176.75
656,2015/09/04,17792.16,18312.13,18312.13,17608.17
657,2015/09/07,17860.47,17674.82,18013.64,17478.72
658,2015/09/08,17427.08,17941.91,17962.56,17415.61
659,2015/09/09,18770.51,17758.13,18770.51,17756.76
660,2015/09/10,18299.62,18418.64,18420.56,17956.15
661,2015/09/11,18264.22,18155.71,18362.99,18124.35
662,2015/09/14,17965.7,18341.01,18344.07,17925.09
663,2015/09/15,18026.48,18082.72,18329.57,17995.98
664,2015/09/16,18171.6,18238.15,18291.97,18094.99
665,2015/09/17,18432.27,18361.99,18468.2,18289.63
666,2015/09/18,18070.21,18275.48,18295.9,18069.5
667,2015/09/24,17571.83,17803.41,17865.84,17571.83
668,2015/09/25,17880.51,17618.3,17880.51,17483.69
669,2015/09/28,17645.11,17811.12,17886.49,17562.6
670,2015/09/29,16930.84,17359.38,17366.95,16901.49
671,2015/09/30,17388.15,17193.84,17460.97,17179.4
672,2015/10/01,17722.42,17479.97,17831.58,17389.57
673,2015/10/02,17725.13,17564.39,17775.77,17537.85
674,2015/10/05,18005.49,17921.0,18079.46,17869.74
675,2015/10/06,18186.1,18302.41,18372.72,18094.85
676,2015/10/07,18322.98,18168.2,18379.23,18043.08
677,2015/10/08,18141.17,18310.62,18400.69,18121.68
678,2015/10/09,18438.67,18281.51,18438.67,18184.96
679,2015/10/13,18234.74,18335.15,18359.71,18223.8
680,2015/10/14,17891.0,18106.66,18126.39,17831.53
681,2015/10/15,18096.9,17804.91,18170.67,17758.12
682,2015/10/16,18291.8,18300.83,18397.52,18238.78
683,2015/10/19,18131.23,18282.78,18314.09,18078.43
684,2015/10/20,18207.15,18245.54,18253.13,18147.98
685,2015/10/21,18554.28,18167.64,18605.41,18167.64
686,2015/10/22,18435.87,18443.69,18579.14,18376.01
687,2015/10/23,18825.3,18762.65,18915.64,18746.61
688,2015/10/26,18947.12,19036.13,19088.76,18937.45
689,2015/10/27,18777.04,18961.16,18964.99,18760.79
690,2015/10/28,18903.02,18826.94,18925.51,18815.12
691,2015/10/29,18935.71,19046.16,19080.89,18809.48
692,2015/10/30,19083.1,18924.31,19202.34,18784.69
693,2015/11/02,18683.24,18827.11,18861.11,18641.22
694,2015/11/04,18926.91,18941.32,19151.89,18926.91
695,2015/11/05,19116.41,19029.44,19167.09,18995.96
696,2015/11/06,19265.6,19194.34,19294.15,19164.86
697,2015/11/09,19642.74,19411.51,19684.41,19389.74
698,2015/11/10,19671.26,19457.05,19674.05,19457.05
699,2015/11/11,19691.39,19602.01,19724.12,19602.01
700,2015/11/12,19697.77,19644.65,19725.83,19597.99
701,2015/11/13,19596.91,19495.26,19601.49,19388.91
702,2015/11/16,19393.69,19263.96,19451.09,19252.04
703,2015/11/17,19630.63,19641.67,19726.01,19628.84
704,2015/11/18,19649.18,19771.86,19840.0,19643.97
705,2015/11/19,19859.81,19851.24,19959.06,19761.56
706,2015/11/20,19879.81,19800.2,19879.81,19715.74
707,2015/11/24,19924.89,19875.99,19954.0,19834.76
708,2015/11/25,19847.58,19856.84,19871.75,19786.53
709,2015/11/26,19944.41,19929.97,19992.44,19926.1
710,2015/11/27,19883.94,19994.05,19994.05,19831.25
711,2015/11/30,19747.47,19857.38,19867.95,19707.67
712,2015/12/01,20012.4,19799.08,20012.4,19797.55
713,2015/12/02,19938.13,19957.5,20002.12,19926.22
714,2015/12/03,19939.9,19894.63,19967.88,19862.74
715,2015/12/04,19504.48,19616.52,19660.9,19444.54
716,2015/12/07,19698.15,19710.39,19811.51,19677.21
717,2015/12/08,19492.6,19689.87,19764.21,19475.28
718,2015/12/09,19301.07,19391.5,19475.4,19260.12
719,2015/12/10,19046.55,19070.02,19125.06,19025.78
720,2015/12/11,19230.48,19020.75,19282.21,19020.75
721,2015/12/14,18883.42,18887.09,18911.78,18611.09
722,2015/12/15,18565.9,18869.04,18897.87,18562.51
723,2015/12/16,19049.91,18868.2,19054.89,18859.11
724,2015/12/17,19353.56,19364.57,19507.17,19325.15
725,2015/12/18,18986.8,19320.46,19869.08,18982.25
726,2015/12/21,18916.02,18845.5,18979.83,18651.13
727,2015/12/22,18886.7,18927.86,18943.46,18824.65
728,2015/12/24,18789.69,19071.41,19071.41,18780.94
729,2015/12/25,18769.06,18823.91,18870.7,18744.44
730,2015/12/28,18873.35,18838.91,18922.9,18764.54
731,2015/12/29,18982.23,18843.39,18991.01,18783.36
732,2015/12/30,19033.71,19070.83,19113.18,19017.27
733,2016/01/04,18450.98,18818.58,18951.12,18394.43
734,2016/01/05,18374.0,18398.76,18547.38,18327.52
735,2016/01/06,18191.32,18410.57,18469.38,18064.3
736,2016/01/07,17767.34,18139.77,18172.04,17767.34
737,2016/01/08,17697.96,17562.23,17975.31,17509.64
738,2016/01/12,17218.96,17470.93,17546.57,17184.78
739,2016/01/13,17715.63,17449.12,17717.75,17414.55
740,2016/01/14,17240.95,17384.93,17393.83,16944.41
741,2016/01/15,17147.11,17522.46,17597.87,17057.6
742,2016/01/18,16955.57,16826.93,17037.26,16665.05
743,2016/01/19,17048.37,16902.29,17088.31,16812.65
744,2016/01/20,16416.19,17030.28,17031.32,16387.61
745,2016/01/21,16017.26,16466.86,16734.58,16017.26
746,2016/01/22,16958.53,16336.72,16993.96,16332.45
747,2016/01/25,17110.91,17145.81,17208.24,16922.21
748,2016/01/26,16708.9,16833.13,16839.52,16652.26
749,2016/01/27,17163.92,16949.19,17242.27,16947.95
750,2016/01/28,17041.45,17059.84,17235.44,16942.13
751,2016/01/29,17518.3,17155.06,17638.93,16767.09
752,2016/02/01,17865.23,17699.6,17905.37,17666.48
753,2016/02/02,17750.68,17716.52,17864.7,17684.66
754,2016/02/03,17191.25,17497.41,17515.68,17080.57
755,2016/02/04,17044.99,17071.11,17209.56,16941.88
756,2016/02/05,16819.59,16790.53,16893.12,16627.8
